********** ETAP 1 **********
[1] -9
[2] -9
[3] -7
[4] 6
[5] -10
[6] -9
[7] -6
[8] -8
[9] 8
[10] 6

[1] -9
[2] -9
[3] -7
[4] 6
[5] -10
[6] -9
[7] -6
[8] -8
[9] 8
[10] 6
[11] -10
[12] 8

********** ETAP 2 **********
[1] -9
[2] -9
[3] -7
[4] 6
[5] -10
[6] -9
[7] -6
[8] -8
[9] 8
[10] 6
[11] -10
[12] 8

[12] 8
[11] -10
[10] 6
[9] 8
[8] -8
[7] -6
[6] -9
[5] -10
[4] 6
[3] -7
[2] -9
[1] -9

[1] -9
[2] -9
[3] -7
[4] 6
[5] -10
[6] -9
[7] -6
[8] -8
[9] 1
[10] 8
[11] 1
[12] 6
[13] -10
[14] 8
[15] 1

********** ETAP 3 **********
[1] -9
[2] -9
[3] 6
[4] -10
[5] -9
[6] -6
[7] -8
[8] 1
[9] 8
[10] 1
[11] 6
[12] -10
[13] 8
[14] 1

********** ETAP 4 **********
1. (1, 14)
2. (2, 8)
3. (3, 6)
4. (4, 3)
5. (5, 2)
6. (6, 3)
7. (7, 0)
8. (8, 3)
9. (9, 3)